[2, 0]
[2, 1]
[2, 2]
[2, 3]
[2, 4]
[2, 5]
[2, 6]
[2, 7]
[2, 8]
[2, 9]
[2, 10]
[2, 11]
[2, 12]
[2, 13]
[2, 14]
[2, 15]
[2, 16]
[2, 17]
[3, 0]
[3, 1]
[3, 2]
[3, 16]
[3, 17]
[4, 0]
[4, 1]
[4, 16]
[4, 17]
[5, 0]
[5, 16]
[5, 17]
[6, 0]
[6, 16]
[6, 17]
[7, 0]
[7, 4]
[7, 5]
[7, 6]
[7, 7]
[7, 8]
[7, 9]
[7, 10]
[7, 11]
[7, 12]
[7, 13]
[7, 17]
[8, 0]
[8, 4]
[8, 5]
[8, 6]
[8, 7]
[8, 8]
[8, 9]
[8, 10]
[8, 11]
[8, 12]
[8, 13]
[8, 17]
[9, 0]
[9, 16]
[9, 17]
[10, 0]
[10, 16]
[10, 17]
[11, 0]
[11, 1]
[11, 16]
[11, 17]
[12, 0]
[12, 1]
[12, 2]
[12, 16]
[12, 17]
[13, 0]
[13, 1]
[13, 2]
[13, 3]
[13, 4]
[13, 5]
[13, 6]
[13, 7]
[13, 8]
[13, 9]
[13, 10]
[13, 11]
[13, 12]
[13, 13]
[13, 14]
[13, 15]
[13, 16]
[13, 17]
